version 1
nodes
0 "root" -1
end
skeleton
time 0
0 0 0 0 0 0 0
end
triangles
buttons
0  20.727501 20.727501 -62.500000  0.000004 0.000000 1.000000  0.133599 0.073768 0
0  19.239805 -19.239805 -62.500000  -0.000004 0.000000 1.000000  0.170680 0.110849 0
0  20.727501 -20.727501 -62.500000  -0.000004 0.000000 1.000000  0.170680 0.073768 0
buttons
0  20.727501 20.727501 -62.500000  0.000004 0.000000 1.000000  0.133599 0.073768 0
0  19.239805 19.239805 -62.500000  0.000004 0.000000 1.000000  0.133599 0.110849 0
0  19.239805 -19.239805 -62.500000  -0.000004 0.000000 1.000000  0.170680 0.110849 0
buttons
0  31.999985 31.999983 -64.000000  1.000000 0.000000 -0.000008  0.401463 0.717319 0
0  31.999992 31.999975 -63.000000  0.650708 0.650703 0.391362  0.482571 0.717319 0
0  31.999985 -31.999985 -64.000000  1.000000 -0.000000 0.000011  0.401463 0.798428 0
buttons
0  31.999992 31.999975 -63.000000  0.650708 0.650703 0.391362  0.482571 0.717319 0
0  31.999973 -31.999992 -63.000000  0.957633 -0.000000 0.287993  0.482571 0.798428 0
0  31.999985 -31.999985 -64.000000  1.000000 -0.000000 0.000011  0.401463 0.798428 0
buttons
0  31.999992 31.999975 -63.000000  0.650708 0.650703 0.391362  0.401463 0.717319 0
0  31.000000 30.999968 -62.000000  0.300192 0.300187 0.905413  0.482571 0.717319 0
0  31.999973 -31.999992 -63.000000  0.957633 -0.000000 0.287993  0.401463 0.798428 0
buttons
0  31.000000 30.999968 -62.000000  0.300192 0.300187 0.905413  0.482571 0.717319 0
0  30.999964 -31.000004 -62.000000  0.300188 -0.300192 0.905413  0.482571 0.798428 0
0  31.999973 -31.999992 -63.000000  0.957633 -0.000000 0.287993  0.401463 0.798428 0
buttons
0  31.999985 -31.999985 -64.000000  -0.000000 -1.000000 -0.000008  0.401463 0.717319 0
0  31.999973 -31.999992 -63.000000  -0.000000 -0.957639 0.287973  0.482571 0.717319 0
0  -31.999989 -31.999979 -64.000000  -0.000000 -1.000000 -0.000000  0.401463 0.798428 0
buttons
0  31.999973 -31.999992 -63.000000  -0.000000 -0.957639 0.287973  0.482571 0.717319 0
0  -31.999992 -31.999977 -63.000000  -0.650706 -0.650705 0.391362  0.482571 0.798428 0
0  -31.999989 -31.999979 -64.000000  -0.000000 -1.000000 -0.000000  0.401463 0.798428 0
buttons
0  31.999973 -31.999992 -63.000000  -0.000000 -0.957639 0.287973  0.401463 0.717319 0
0  30.999964 -31.000004 -62.000000  0.300188 -0.300192 0.905413  0.482571 0.717319 0
0  -31.999992 -31.999977 -63.000000  -0.650706 -0.650705 0.391362  0.401463 0.798428 0
buttons
0  30.999964 -31.000004 -62.000000  0.300188 -0.300192 0.905413  0.482571 0.717319 0
0  -30.999996 -30.999973 -62.000000  -0.300191 -0.300190 0.905412  0.482571 0.798428 0
0  -31.999992 -31.999977 -63.000000  -0.650706 -0.650705 0.391362  0.401463 0.798428 0
buttons
0  -30.999983 30.999985 -62.000000  -0.300191 0.300189 0.905413  0.401463 0.717319 0
0  -30.999996 -30.999973 -62.000000  -0.300191 -0.300190 0.905412  0.482571 0.717319 0
0  -28.000000 28.000000 -62.000000  0.110053 -0.110053 0.987814  0.401463 0.798428 0
buttons
0  -30.999996 -30.999973 -62.000000  -0.300191 -0.300190 0.905412  0.482571 0.717319 0
0  -28.000000 -28.000000 -62.000000  0.110053 0.110053 0.987814  0.482571 0.798428 0
0  -28.000000 28.000000 -62.000000  0.110053 -0.110053 0.987814  0.401463 0.798428 0
buttons
0  -30.999996 -30.999973 -62.000000  -0.300191 -0.300190 0.905412  0.401463 0.717319 0
0  30.999964 -31.000004 -62.000000  0.300188 -0.300192 0.905413  0.482571 0.717319 0
0  -28.000000 -28.000000 -62.000000  0.110053 0.110053 0.987814  0.401463 0.798428 0
buttons
0  30.999964 -31.000004 -62.000000  0.300188 -0.300192 0.905413  0.482571 0.717319 0
0  28.000000 -28.000000 -62.000000  -0.110054 0.110053 0.987814  0.482571 0.798428 0
0  -28.000000 -28.000000 -62.000000  0.110053 0.110053 0.987814  0.401463 0.798428 0
buttons
0  31.000000 30.999968 -62.000000  0.300192 0.300187 0.905413  0.401463 0.717319 0
0  -30.999983 30.999985 -62.000000  -0.300191 0.300189 0.905413  0.482571 0.717319 0
0  28.000000 28.000000 -62.000000  -0.110053 -0.110053 0.987814  0.401463 0.798428 0
buttons
0  -30.999983 30.999985 -62.000000  -0.300191 0.300189 0.905413  0.482571 0.717319 0
0  -28.000000 28.000000 -62.000000  0.110053 -0.110053 0.987814  0.482571 0.798428 0
0  28.000000 28.000000 -62.000000  -0.110053 -0.110053 0.987814  0.401463 0.798428 0
buttons
0  30.999964 -31.000004 -62.000000  0.300188 -0.300192 0.905413  0.401463 0.717319 0
0  31.000000 30.999968 -62.000000  0.300192 0.300187 0.905413  0.482571 0.717319 0
0  28.000000 -28.000000 -62.000000  -0.110054 0.110053 0.987814  0.401463 0.798428 0
buttons
0  31.000000 30.999968 -62.000000  0.300192 0.300187 0.905413  0.482571 0.717319 0
0  28.000000 28.000000 -62.000000  -0.110053 -0.110053 0.987814  0.482571 0.798428 0
0  28.000000 -28.000000 -62.000000  -0.110054 0.110053 0.987814  0.401463 0.798428 0
buttons
0  -16.326614 16.326614 -62.500000  0.000000 0.000000 1.000000  0.133599 0.073768 0
0  14.449801 14.449801 -62.500000  0.000000 0.000000 1.000000  0.170680 0.110849 0
0  16.326614 16.326614 -62.500000  -0.000000 0.000000 1.000000  0.170680 0.073768 0
buttons
0  -16.326614 16.326614 -62.500000  0.000000 0.000000 1.000000  0.133599 0.073768 0
0  -14.449801 14.449801 -62.500000  0.000000 0.000000 1.000000  0.133599 0.110849 0
0  14.449801 14.449801 -62.500000  0.000000 0.000000 1.000000  0.170680 0.110849 0
buttons
0  -16.326614 16.326614 -62.500000  0.000000 0.000000 1.000000  0.133599 0.073768 0
0  -14.449801 -14.449801 -62.500000  0.000000 0.000000 1.000000  0.170680 0.110849 0
0  -14.449801 14.449801 -62.500000  0.000000 0.000000 1.000000  0.133599 0.110849 0
buttons
0  -16.326614 16.326614 -62.500000  0.000000 0.000000 1.000000  0.133599 0.073768 0
0  -16.326614 -16.326614 -62.500000  0.000000 0.000000 1.000000  0.170680 0.073768 0
0  -14.449801 -14.449801 -62.500000  0.000000 0.000000 1.000000  0.170680 0.110849 0
buttons
0  16.326614 -16.326614 -62.500000  -0.000000 0.000000 1.000000  0.133599 0.073768 0
0  -14.449801 -14.449801 -62.500000  0.000000 0.000000 1.000000  0.170680 0.110849 0
0  -16.326614 -16.326614 -62.500000  0.000000 0.000000 1.000000  0.170680 0.073768 0
buttons
0  16.326614 -16.326614 -62.500000  -0.000000 0.000000 1.000000  0.133599 0.073768 0
0  14.449801 -14.449801 -62.500000  -0.000000 0.000000 1.000000  0.133599 0.110849 0
0  -14.449801 -14.449801 -62.500000  0.000000 0.000000 1.000000  0.170680 0.110849 0
buttons
0  -20.727501 20.727501 -62.500000  -0.000004 0.000000 1.000000  0.133599 0.073768 0
0  19.239805 19.239805 -62.500000  0.000004 0.000000 1.000000  0.170680 0.110849 0
0  20.727501 20.727501 -62.500000  0.000004 0.000000 1.000000  0.170680 0.073768 0
buttons
0  -20.727501 20.727501 -62.500000  -0.000004 0.000000 1.000000  0.133599 0.073768 0
0  -19.239805 19.239805 -62.500000  -0.000004 0.000000 1.000000  0.133599 0.110849 0
0  19.239805 19.239805 -62.500000  0.000004 0.000000 1.000000  0.170680 0.110849 0
buttons
0  -20.727501 20.727501 -62.500000  -0.000004 0.000000 1.000000  0.133599 0.073768 0
0  -19.239805 -19.239805 -62.500000  0.000004 0.000000 1.000000  0.170680 0.110849 0
0  -19.239805 19.239805 -62.500000  -0.000004 0.000000 1.000000  0.133599 0.110849 0
buttons
0  -20.727501 20.727501 -62.500000  -0.000004 0.000000 1.000000  0.133599 0.073768 0
0  -20.727501 -20.727501 -62.500000  0.000004 0.000000 1.000000  0.170680 0.073768 0
0  -19.239805 -19.239805 -62.500000  0.000004 0.000000 1.000000  0.170680 0.110849 0
buttons
0  20.727501 -20.727501 -62.500000  -0.000004 0.000000 1.000000  0.133599 0.073768 0
0  -19.239805 -19.239805 -62.500000  0.000004 0.000000 1.000000  0.170680 0.110849 0
0  -20.727501 -20.727501 -62.500000  0.000004 0.000000 1.000000  0.170680 0.073768 0
buttons
0  20.727501 -20.727501 -62.500000  -0.000004 0.000000 1.000000  0.133599 0.073768 0
0  19.239805 -19.239805 -62.500000  -0.000004 0.000000 1.000000  0.133599 0.110849 0
0  -19.239805 -19.239805 -62.500000  0.000004 0.000000 1.000000  0.170680 0.110849 0
buttons
0  31.999985 31.999983 -64.000000  -0.000000 0.000000 -1.000000  0.597495 0.228232 0
0  -31.999989 -31.999979 -64.000000  -0.000000 0.000000 -1.000000  0.725991 0.356728 0
0  -31.999973 31.999996 -64.000000  0.000000 0.000000 -1.000000  0.597495 0.356728 0
buttons
0  31.999985 31.999983 -64.000000  -0.000000 0.000000 -1.000000  0.597495 0.228232 0
0  31.999985 -31.999985 -64.000000  -0.000000 0.000000 -1.000000  0.725991 0.228232 0
0  -31.999989 -31.999979 -64.000000  -0.000000 0.000000 -1.000000  0.725991 0.356728 0
buttons
0  -31.999989 -31.999979 -64.000000  -1.000000 0.000000 -0.000004  0.401463 0.717319 0
0  -31.999977 31.999992 -63.000000  -0.650709 0.650703 0.391361  0.482571 0.798428 0
0  -31.999973 31.999996 -64.000000  -1.000000 0.000000 -0.000004  0.401463 0.798428 0
buttons
0  -31.999989 -31.999979 -64.000000  -1.000000 0.000000 -0.000004  0.401463 0.717319 0
0  -31.999992 -31.999977 -63.000000  -0.650706 -0.650705 0.391362  0.482571 0.717319 0
0  -31.999977 31.999992 -63.000000  -0.650709 0.650703 0.391361  0.482571 0.798428 0
buttons
0  -31.999992 -31.999977 -63.000000  -0.650706 -0.650705 0.391362  0.401463 0.717319 0
0  -30.999983 30.999985 -62.000000  -0.300191 0.300189 0.905413  0.482571 0.798428 0
0  -31.999977 31.999992 -63.000000  -0.650709 0.650703 0.391361  0.401463 0.798428 0
buttons
0  -31.999992 -31.999977 -63.000000  -0.650706 -0.650705 0.391362  0.401463 0.717319 0
0  -30.999996 -30.999973 -62.000000  -0.300191 -0.300190 0.905412  0.482571 0.717319 0
0  -30.999983 30.999985 -62.000000  -0.300191 0.300189 0.905413  0.482571 0.798428 0
buttons
0  31.000000 30.999968 -62.000000  0.300192 0.300187 0.905413  0.401463 0.717319 0
0  -31.999977 31.999992 -63.000000  -0.650709 0.650703 0.391361  0.482571 0.798428 0
0  -30.999983 30.999985 -62.000000  -0.300191 0.300189 0.905413  0.401463 0.798428 0
buttons
0  31.000000 30.999968 -62.000000  0.300192 0.300187 0.905413  0.401463 0.717319 0
0  31.999992 31.999975 -63.000000  0.650708 0.650703 0.391362  0.482571 0.717319 0
0  -31.999977 31.999992 -63.000000  -0.650709 0.650703 0.391361  0.482571 0.798428 0
buttons
0  31.999992 31.999975 -63.000000  0.650708 0.650703 0.391362  0.401463 0.717319 0
0  -31.999973 31.999996 -64.000000  0.000000 1.000000 0.000000  0.482571 0.798428 0
0  -31.999977 31.999992 -63.000000  -0.650709 0.650703 0.391361  0.401463 0.798428 0
buttons
0  31.999992 31.999975 -63.000000  0.650708 0.650703 0.391362  0.401463 0.717319 0
0  31.999985 31.999983 -64.000000  0.000000 1.000000 0.000008  0.482571 0.717319 0
0  -31.999973 31.999996 -64.000000  0.000000 1.000000 0.000000  0.482571 0.798428 0
buttons
0  28.000000 -28.000000 -62.000000  -0.110054 0.110053 0.987814  0.401463 0.717319 0
0  27.000000 27.000000 -63.000000  -0.300189 -0.300189 0.905413  0.482571 0.798428 0
0  27.000000 -27.000000 -63.000000  -0.300193 0.300193 0.905410  0.401463 0.798428 0
buttons
0  28.000000 -28.000000 -62.000000  -0.110054 0.110053 0.987814  0.401463 0.717319 0
0  28.000000 28.000000 -62.000000  -0.110053 -0.110053 0.987814  0.482571 0.717319 0
0  27.000000 27.000000 -63.000000  -0.300189 -0.300189 0.905413  0.482571 0.798428 0
buttons
0  28.000000 28.000000 -62.000000  -0.110053 -0.110053 0.987814  0.401463 0.717319 0
0  -27.000000 27.000000 -63.000000  0.300193 -0.300193 0.905410  0.482571 0.798428 0
0  27.000000 27.000000 -63.000000  -0.300189 -0.300189 0.905413  0.401463 0.798428 0
buttons
0  28.000000 28.000000 -62.000000  -0.110053 -0.110053 0.987814  0.401463 0.717319 0
0  -28.000000 28.000000 -62.000000  0.110053 -0.110053 0.987814  0.482571 0.717319 0
0  -27.000000 27.000000 -63.000000  0.300193 -0.300193 0.905410  0.482571 0.798428 0
buttons
0  -28.000000 -28.000000 -62.000000  0.110053 0.110053 0.987814  0.401463 0.717319 0
0  27.000000 -27.000000 -63.000000  -0.300193 0.300193 0.905410  0.482571 0.798428 0
0  -27.000000 -27.000000 -63.000000  0.300189 0.300189 0.905413  0.401463 0.798428 0
buttons
0  -28.000000 -28.000000 -62.000000  0.110053 0.110053 0.987814  0.401463 0.717319 0
0  28.000000 -28.000000 -62.000000  -0.110054 0.110053 0.987814  0.482571 0.717319 0
0  27.000000 -27.000000 -63.000000  -0.300193 0.300193 0.905410  0.482571 0.798428 0
buttons
0  -28.000000 28.000000 -62.000000  0.110053 -0.110053 0.987814  0.401463 0.717319 0
0  -27.000000 -27.000000 -63.000000  0.300189 0.300189 0.905413  0.482571 0.798428 0
0  -27.000000 27.000000 -63.000000  0.300193 -0.300193 0.905410  0.401463 0.798428 0
buttons
0  -28.000000 28.000000 -62.000000  0.110053 -0.110053 0.987814  0.401463 0.717319 0
0  -28.000000 -28.000000 -62.000000  0.110053 0.110053 0.987814  0.482571 0.717319 0
0  -27.000000 -27.000000 -63.000000  0.300189 0.300189 0.905413  0.482571 0.798428 0
buttons
0  27.000000 27.000000 -63.000000  -0.300189 -0.300189 0.905413  0.005696 0.006959 0
0  -27.000000 -27.000000 -63.000000  0.300189 0.300189 0.905413  0.058366 0.056943 0
0  27.000000 -27.000000 -63.000000  -0.300193 0.300193 0.905410  0.010091 0.054990 0
buttons
0  27.000000 27.000000 -63.000000  -0.300189 -0.300189 0.905413  0.005696 0.006959 0
0  -27.000000 27.000000 -63.000000  0.300193 -0.300193 0.905410  0.058616 0.007038 0
0  -27.000000 -27.000000 -63.000000  0.300189 0.300189 0.905413  0.058366 0.056943 0
buttons
0  -14.887001 -15.078613 -64.500000  0.000000 0.000000 -1.000000  0.714439 0.789888 0
0  -28.801605 -28.993216 -64.500000  0.000000 0.000000 -1.000000  0.894917 0.970366 0
0  -28.801601 -15.078609 -64.500000  0.000000 0.000000 -1.000000  0.714439 0.970366 0
buttons
0  -14.887001 -15.078613 -64.500000  0.000000 0.000000 -1.000000  0.714439 0.789888 0
0  -14.887001 -28.993217 -64.500000  0.000000 0.000000 -1.000000  0.894917 0.789888 0
0  -28.801605 -28.993216 -64.500000  0.000000 0.000000 -1.000000  0.894917 0.970366 0
buttons
0  12.797652 12.797652 -62.500000  0.000000 0.000000 1.000000  0.133029 0.073903 0
0  -12.797652 -12.797652 -62.500000  0.000000 0.000000 1.000000  0.168365 0.109239 0
0  12.797652 -12.797652 -62.500000  0.000000 0.000000 1.000000  0.133029 0.109239 0
buttons
0  12.797652 12.797652 -62.500000  0.000000 0.000000 1.000000  0.133029 0.073903 0
0  -12.797652 12.797652 -62.500000  0.000000 0.000000 1.000000  0.168365 0.073903 0
0  -12.797652 -12.797652 -62.500000  0.000000 0.000000 1.000000  0.168365 0.109239 0
buttons
0  16.326614 16.326614 -62.500000  -0.000000 0.000000 1.000000  0.133599 0.073768 0
0  14.449801 -14.449801 -62.500000  -0.000000 0.000000 1.000000  0.170680 0.110849 0
0  16.326614 -16.326614 -62.500000  -0.000000 0.000000 1.000000  0.170680 0.073768 0
buttons
0  16.326614 16.326614 -62.500000  -0.000000 0.000000 1.000000  0.133599 0.073768 0
0  14.449801 14.449801 -62.500000  0.000000 0.000000 1.000000  0.133599 0.110849 0
0  14.449801 -14.449801 -62.500000  -0.000000 0.000000 1.000000  0.170680 0.110849 0
end
